6974

961970
1761987
551981
11171964
372000
171962
391991
1986612
2031983
591997
231971
197837
731989
281975
10112007
19831128
751969
11111967
19701127
111980
10111997
331979
961990
1980611
912007
932008
200166
196233
251983
201068
2181969
198385
671967
2451980
196468
1971117
27102008
198317
14101962
761973
60132011
1291989
151988
10221964
861982
197577
199024
11271992
9121981
198453
2861982
201055
20101980
198924
2111984
9291970
351974
272000
200672
652008
1451982
121964
121971
2621983
22101963
481966
351965
781976
1421986
200568
551978
200176
1282000
11211998
28111993
19101992
2111982
5261986
198355
431977
2111981
2152003
1581965
198832
20001028
13111981
161980
291978
21101975
422000
1985928
272004
1751985
197612
198217
181982
1977919
471962
492008
19991020
10231981
311963
11101977
3041968
196655
198333
201182
6111983
271982
10111977
2009113
197031
751964
1981728
15111967
11121973
2121989
8122000
1161965
10171985
961977
199777
19821029
2421979
19761026
4101974
3112001
211967
121969
1984811
198226
1931960
451975
1761981
732011
1981624
2721973
23101991
201048
199097
29101968
198858
171977
2005315
30111969
22101980
20111984
26101974
198055
201174
611999
11111970
200991
18101983
731969
10121991
19771012
19832010
7101973
861965
19691121
1984427
4202001
198787
872004
7111971
281985
10161983
721998
199679
200363
19791029
8281986
752004
10111979
6101967
172010
197373
200971
261990
19101972
531988
441967
12102005
200287
12101983
331963
291987
18112002
20121974
6121989
1986514
4121976
200484
1986717
19841015
2003112
121981
12111969
13101962
10212001
198455
681981
4101991
197445
181978
631993
22101969
198122
432008
22111960
196043
197273
2311976
1981120
10121980
26111987
200894
19711119
198287
197824
19794080
198018
131962
201014
10301978
5101988
10241985
1041981
197786
271988
2641977
3502007
1984129
7121981
19831030
24201975
811973
1986928
561978
5262000
2091980
2002612
2561967
196368
197558
10111966
200126
19631028
281972
261983
911984
11271976
1881974
2161983
1651990
9101986
1021993
200289
591975
941996
1472000
200651
198696
11271965
19801983
13101973
3091984
1481965
201045
1731962
198087
2101973
28101985
10101979
199482
11121974
11141963
27101986
681977
200667
111993
19791116
11261985
941983
26111988
871980
197355
2121979
196174
1241983
141974
200785
441979
13111962
11251978
11121996
18111984
3061977
2072003
211962
200675
15111981
19501985
6111970
1321982
581980
198013
991968
122008
11191975
20104027
197512
1982316
198721
200371
2002117
231985
200999
141968
196242
251984
19841123
198686
198337
2011987
10121976
198523
27101965
200796
197515
1992415
2281980
19101971
2001623
182005
811984
30111984
331982
151984
22102000
199553
200478
1931982
30121980
632000
1771995
196517
1121982
691978
9251967
10252005
1381970
11101968
200673
2006109
1121980
197918
10122005
200677
200754
1993712
200648
151963
5171981
200671
1891985
2011930
197535
9102008
1161987
23101983
197291
3091977
19831028
199111
6192004
241989
197019
197828
29111983
7241999
198912
2241974
19801023
10101976
511988
641986
1980926
141963
26702008
421973
11221980
1960811
200046
791982
8131986
197436
24101965
371984
581999
19821125
922008
441983
11101980
5252000
791966
2641971
481964
3251985
1521967
1041979
231978
16101980
1181980
13101970
196249
196822
16112002
211961
172006
25101967
10121974
131976
121985
7191981
19861013
211968
11291992
21101989
199396
13101980
1511978
1980927
751975
1091980
151981
2971973
199912
200555
11141980
361984
197112
531967
2551995
199119
1121965
199839
4121984
200778
4101986
9191966
15102000
3301978
751983
451974
25101996
19811121
18102000
198414
23101981
12111981
197219
1791978
531971
141995
198893
432000
1987319
991970
511987
581983
19831123
1986214
16111973
11211969
197393
531975
197374
231981
161979
2000117
3101980
199551
20121984
23301970
2591972
27112001
20082040
10261993
3061980
200886
511983
19111960
197826
3141982
196092
2291985
19101999
1191967
5111960
198736
351991
321984
196055
2221985
141984
200354
7211979
961989
199756
851984
200433
14111999
26101961
23112004
1982419
199412
2008123
551965
198019
25111984
891978
199523
20112003
631986
251977
191983
2091983
30122002
1331981
15101980
22101987
196666
991963
199711
2311967
3131966
12201992
18111985
12301989
2111975
199019
1974110
1322002
331968
111982
321982
198321
5301979
200719
711998
201186
11281962
2341985
199541
6181999
15101963
25111971
991986
200865
11101982
11151976
731974
1911987
292008
132000
231974
111996
9221972
12201979
1989915
1982525
1985827
24111975
198033
19601990
10111976
1982819
331965
431971
196411
19881030
13111980
372009
2221984
25111964
551966
25101971
2671986
11281998
871993
5101963
121996
3121980
3041983
181964
341985
1983126
197611
1112002
681962
521963
441965
1980929
2681963
196361
671989
961969
172000
200222
19801014
1985723
20111964
671976
24111976
198925
11102008
291962
2402009
196246
1122003
1161998
271986
10101978
122006
851972
25101975
19661114
19811026
20121977
121968
131961
2591985
2271976
211999
1977517
1221981
112000
112004
1971984
197186
198888
22111978
198529
200593
551977
23101980
200169
321976
552006
198951
197425
191988
19851012
25101979
741974
2091982
1431988
1291979
200392
1981127
196919
10261970
198528
351982
18101995
196629
20051124
24111985
572004
14101991
1781993
2872008
281964
311982
20102006
341981
821972
831999
22101968
1982119
462001
2002214
281960
6121985
1987623
1221965
6102000
1061982
1984222
196158
18111974
511996
2681969
2010711
19871124
200668
121994
196997
421993
198386
200714
200682
11301996
881963
2431983
5281988
199296
1161982
198011
1984823
19821010
3102007
26101980
2241977
196778
1541987
19602000
10171999
1981322
211975
200997
981967
5231970
24111982
10231984
1984109
196774
421981
1982710
521993
2291993
9221980
171997
201074
200952
198588
1986423
28102008
196691
9222001
621974
23102003
1961126
20001125
200467
30301963
4101999
4241960
201161
25111976
981998
541985
196684
19841114
198196
20121976
196884
10151964
21101979
1821963
962004
1987626
196511
10211989
1986117
200167
28601971
196069
1973121
861978
1111983
681973
771964
252007
200881
19821126
2892005
200429
200861
10221985
1052001
361974
200374
201083
591979
221964
2121973
200786
196288
811971
198028
221974
1881973
21111971
19621027
19851116
2101979
891974
197719
200548
197576
731985
10231962
481975
23102000
198244
191967
25101998
30101975
982000
200581
112005
2021985
121997
1281995
571988
10101986
200713
7291972
199595
2851970
3171990
321994
2006927
70701964
200698
20121986
201075
200269
1980111
201073
1641974
197066
112002
20121973
200925
942000
651999
198086
2002716
942005
611991
641968
198413
10102003
11121970
1372002
2881979
1981525
19891118
20101994
197475
22101979
18101982
19841026
1772005
531962
1984813
3231985
30111985
24111966
1051977
1980628
2511976
6241975
18111998
30101984
1983212
131980
200168
4101977
8111977
30122006
2321986
2351997
791984
200912
721981
198383
1985619
321980
200469
681980
11171985
561962
16111984
3121989
691987
199583
15101990
2000528
196574
1372008
2831978
1261991
198025
1980829
17111989
111963
1986108
191984
11261979
19201983
18102006
522003
241982
111991
581990
11231976
11282007
197819
198711
551971
8241974
20111968
9111999
10101998
200223
29101981
20021120
11111977
19891119
16101974
1980218
1965928
20055019
111975
12101982
24101984
10121977
1541996
29101991
196763
111966
161985
681985
11112001
741977
131982
196972
26101979
1151963
9212001
199419
19781027
622000
199588
211990
20101984
961983
197921
26101973
1982520
421970
161976
1251980
11112004
1121981
200247
641964
200415
19721120
271981
281969
541978
7292006
19711122
196154
199993
19896060
1985923
200135
11142010
26111985
200183
19841020
8121995
311978
19781111
26101982
10121967
198345
199411
200149
981962
2231981
12102003
25111994
196565
1831969
196422
1471981
200362
200595
9272002
1741980
200554
1221988
26111981
13111964
13101971
200015
200349
7111980
198972
312003
771990
561975
161969
200523
951971
211982
1974219
11201999
19601988
131978
1341977
291981
10301988
10232006
11111969
197026
28111973
197276
1977816
200872
261973
198825
2111980
196828
11202005
1998819
200023
197911
981963
781999
21101971
200375
381977
24101964
197313
11121984
199459
181979
198468
121960
197528
3211982
200411
22111979
2622000
10131997
331975
4111981
19851017
1301964
201162
321986
521995
200399
261981
1891965
200742
7191989
1291982
196767
198128
10222005
311997
29112008
1984116
198669
198126
196521
141983
27111986
14101977
10271962
1988622
441984
751981
9101984
2271979
2022007
198017
1231969
198313
18101974
199899
197041
142000
24101976
1841997
19841119
742002
2081982
26101968
10151974
1987116
198327
1351981
2008914
1022009
772001
200772
200125
198818
198444
200257
19741010
1631982
13111963
6111982
19781130
7222000
142011
841979
10201994
200468
14101963
681970
19831029
197591
198531
6222000
19741111
17111977
19102002
1681972
15101968
11121962
1985515
621962
200816
15101979
2521990
2211989
961979
20202000
29101961
5301992
5292004
10231994
198791
521975
13101998
11201971
198586
30111972
10111983
197888
3101968
14111993
962005
197622
882008
197419
198486
15111982
200868
197925
1181977
8101974
3091981
11161974
25801988
551989
19101982
197177
200385
811980
197581
382003
23111988
12111965
17112004
19851122
18111977
1976322
20111961
18111975
221980
1983516
481980
1121970
19701029
131963
197685
200474
211976
13102006
1981424
1852007
2381984
10191996
196626
198319
1211999
1551966
199799
4171976
1962716
197124
3112004
1987621
30101980
201096
132002
6202009
10192001
30101974
2004123
10241984
19601960
10161993
10141998
20102010
2311996
121972
1121977
1051984
197171
481967
196568
2671983
761977
198852
111987
199144
200777
198388
331990
40302010
24101982
181983
19767014
351976
20111986
197753
196292
197412
30121960
161988
10301980
11251979
10282001
662006
6231988
199138
90101984
3031966
12102000
341965
200476
14101974
2142007
5241978
20111995
1978626
781962
291989
11101981
381999
20061116
2991975
200566
10161988
197567
281983
121973
198496
19701979
200775
10101980
18111965
251964
27111964
1101970
211986
221985
2551984
30112005
182006
851986
1985817
12101999
24101974
200573
10111982
10212000
111985
200177
1985123
13111976
19111980
271980
16101989
196928
2241965
19791028
541990
10271998
311966
198681
20121985
871968
12202005
199196
5101985
4101978
921980
1988918
922007
200874
19801994
13111982
19991115
181974
161978
111984
29111974
16101960
197972
201041
9271985
2641986
21101997
200977
2081987
171960
211985
24101977
1987823
9602006
20101985
10102004
19801123
1111968
4192002
30121966
23101997
271983
1981412
2041985
19651011
281967
198024
197275
30121964
1984321
27101973
197721
581970
23111963
1361975
1541975
311984
25111962
19611127
971988
20062015
12111975
198655
21101969
6171963
611983
19781011
19821015
21111985
198536
1821984
871977
7112001
6131984
22101976
19802008
851999
25102004
197956
18101971
991977
6301981
200378
18112008
9101978
1211984
8111964
8121987
181976
24102006
4121985
197326
211984
198215
951989
11121979
2971992
200911
182007
196923
200297
871971
871976
3041971
1421976
198811
151972
15101971
931975
200383
1261969
461973
23111972
1978910
21111981
198567
21101970
28111981
461985
197597
11131999
2471981
361975
13111991
28112005
19801980
11212008
371967
26101965
11301986
591963
201012
551995
30121985
431981
1541986
2681982
1911969
1471987
1581982
200255
1841989
11101996
8241997
19101997
21102000
121982
200879
771973
198513
16102007
17111982
19901119
10101971
11191992
241977
661979
121986
200751
24101973
11261966
1791983
821975
197825
14111974
141977
271976
10202001
641974
27101971
231967
16112010
200218
671960
3101998
196197
29101982
199175
5231976
200656
1861988
198178
1998121
741996
2091988
511979
24111972
881989
200495
197669
11121964
4111984
200973
2562005
2831973
12301975
832001
7111986
200878
20102004
241980
6261982
641963
14101969
10231998
111965
19711021
20111985
1171972
8271985
200572
761989
198224
197566
19851024
171971
20101972
198639
28111976
198114
27111976
20111974
13102007
198356
1681989
152010
1691985
201145
14101968
200422
1986519
197474
2411981
351966
11201962
19681112
461979
16112005
200654
452008
199212
841982
24101969
671982
197759
11161985
2711971
961982
121963
221968
16101970
200376
19841122
392000
1421981
198971
1721980
196341
1984112
771970
30121976
11101960
541962
29111977
152000
121991
651978
196163
197172
191981
691984
198611
196386
11261980
19811017
20112011
200298
11291978
196698
200981
271985
19931021
631987
27112007
11271974
1982929
200984
25101974
23101971
199123
197117
30111986
1871980
121967
9272004
10102005
19901992
551975
11241961
200571
19791120
198077
198795
196119
197654
8301997
196871
196878
80201973
14101984
197262
671978
19601987
13101985
201044
881985
19771025
14102011
11201970
832006
772002
1422006
861973
6221999
196319
28111975
341972
2661980
196888
6121995
197624
26101994
131965
12101988
7101977
1311985
19821117
11221981
261982
12111973
182000
15111973
1081982
22101995
11291963
10231995
197222
762002
9111961
672009
581982
2881986
1986611
196062
10252001
231968
9112001
121975
371982
200558
121980
18111961
197514
19701999
2611984
741963
251975
541961
8281962
2241994
200419
191973
772000
197868
197841
1841979
19661129
331977
391975
911993
3122000
197779
441970
2000310
196464
1411977
20112002
11191988
642008
12111970
16101981
2002622
3171973
22101972
351983
198182
361978
1970210
1181974
6201978
961961
331978
196912
1571997
2007822
196768
21101999
200193
198184
3111980
29102001
19701970
731968
15111972
5101989
196688
3501991
28101999
1980529
331971
551982
1991979
1979120
691981
841969
9161976
11112006
542000
311979
442000
771981
19112004
421975
25112001
19711027
7291977
11301984
200818
14111961
982006
961997
1571971
30102006
197327
199999
21111978
197099
141978
341966
1651980
3211994
1976127
1361979
5231994
1271964
21101976
231970
532000
2004820
20111966
19712010
19112006
196469
19101974
17111980
10121975
4191979
771997
24101981
19801013
27111978
24101970
10251979
11181963
11271973
24101972
781978
200681
10111975
28111968
196372
241985
197413
282000
200976
251994
1911979
761968
992000
941972
8191993
651967
197235
196355
26101977
197338
21101982
1978126
12101977
791983
7211983
442002
2041982
196034
196013
19851021
197928
1191979
199235
198697
196841
11131998
19111973
19751015
1981514
25111973
24101985
19651129
28101973
20121983
10241981
10291989
200382
197227
882000
2712001
1978928
1531976
201111
197725
341975
197316
511980
422010
19931019
10191977
12201973
10241992
197738
197749
691979
11111976
17111962
198394
21101974
2341975
24111981
121995
561984
200875
1181969
7141983
19758060
10251970
651961
881987
196021
3181965
541975
197714
121984
19601964
197582
19741025
1975225
191976
541991
12101971
19821024
651970
3192000
132003
23111984
19841125
761970
201194
196482
171995
512007
721977
198458
201097
22101966
200895
200972
3241985
200547
22101981
14101980
13111969
20092010
22111972
281965
5111967
26101969
16111978
8251983
342000
10121984
871962
7111975
172011
1988929
1981916
1980220
198198
741983
191969
196974
198111
197511
731975
1989930
198199
200686
941999
11122001
200368
19821123
242001
311975
11111981
26111980
13111998
29111984
661982
10111984
14102001
197158
21101968
231963
592000
16101988
25102009
11231975
25111983
1031999
10121963
200552
17101976
621978
181980
199497
19931115
381978
24101998
198783
25101970
197318
19961112
281978
4101971
462000
199356
196136
200774
20021112
151968
197126
3111987
881978
25101983
131987
11291984
200387
201152
451984
881994
9191962
198125
18102003
561964
331988
821968
251960
11101983
1978827
1986525
197279
11111973
196077
1351975
19401977
351962
711996
10281981
651966
7121983
731960
7181998
199573
1998523
441982
13111971
1151982
19751124
10231988
19111977
221970
197311
200483
198796
211974
2391976
581976
1991984
281987
19691117
2981992
19681122
1241972
20001124
211981
200279
3221980
19761125
197221
10121979
26101978
200676
742000
16112007
1222000
197424
2772003
30111981
19821118
671994
242006
241961
199292
591981
200791
631988
411964
20101979
12111977
821973
14111967
911999
19691028
5132000
2321981
201158
200882
1691981
1951984
19671129
12101976
3031962
90111971
851983
15111985
10101962
22101991
791973
571968
197415
221975
572000
191972
10221977
7241985
1984523
251974
3191966
2041979
198257
121974
151974
198285
391971
1973629
198021
19681123
551960
11251975
1984312
197657
12101970
196118
198485
1980104
19811111
1272001
471993
23101961
19771013
24102000
17101984
4111977
5171977
551980
881966
19986070
371983
881999
200179
23101979
1993130
10111980
1841962
1551969
3201974
198965
481962
691972
198016
17101965
196644
1051983
3291980
28112000
181993
641971
197028
651976
481970
197768
200219
3092000
200556
20101020
11291996
1581976
191961
10271973
10142000
20101970
5201977
19831116
197119
201087
10252003
197999
19811014
641989
1982000
441974
231992
196462
9182004
198589
712000
19111999
1821978
11242005
25101994
182001
111973
29101974
20013010
961973
921983
200776
11101976
171967
20031010
222008
11111983
16111979
196937
14111976
1451962
122002
1751972
11101974
27111983
631999
196212
19741124
441999
199519
14111981
19601965
191970
197121
311993
201043
30101981
2006828
196111
10271978
196932
251966
197886
291982
2271978
200767
196999
14111963
2671975
1291962
198081
15101985
1963101
292005
671980
16111982
25101986
200994
198082
881972
151982
17111975
197197
198992
200653
1911981
199269
391988
471965
22111970
992002
199816
2071985
1980122
11202001
851963
7161980
198954
196946
197555
28101977
2481980
1982213
26102002
196363
19761014
30111962
16111964
471978
2002711
199797
11211983
431965
11111982
11291973
13111997
2471971
20101975
197693
7251992
151975
291999
10201982
2191967
200311
28101987
1781991
23111983
212000
1975224
2003329
3121985
21111967
121966
771978
531976
19102000
197812
198969
151967
20121979
26101984
200779
26101967
681972
200592
19721126
151987
23112001
1151960
1381962
2541976
171996
19791123
261974
10111987
261978
651965
25802000
321981
231980
200264
17101963
381968
196112
22112004
6131997
196818
196969
2421966
111999
20111979
197777
10212006
197949
200575
19851123
651969
19691112
196412
371975
200153
197033
8101995
1988923
28101976
11201966
251985
199439
196734
15111984
131985
11261971
10191980
231982
19821012
681964
198419
11131965
151991
197211
200867
2932007
281971
1221984
2102000
200996
11291974
1983921
12112002
671979
2111972
198318
19101960
2172000
751999
200876
9201981
1551985
10241975
197676
10202007
2000825
911983
3101981
111983
271965
481988
191968
282007
10301965
10181960
2151998
6121999
200389
201065
20101983
11251981
197689
200122
311962
197137
11251993
22111977
111976
512000
200797
1111978
121983
1591990
198677
331973
23111970
11221997
11101978
11111974
11191989
27101983
201127
451976
19831122
151980
17101980
722000
200877
22111967
19721130
19111974
751979
271972
9121982
782011
16101973
198241
841990
511984
200578
196633
17101995
6121986
412002
921972
141979
24111973
551976
198354
200274
991967
197579
412000
111981
200366
15102009
121998
722003
19702002
142006
19111978
241976
2851975
200746
201016
2391981
311972
21111965
197575
8281977
197522
19801128
111962
19751020
231962
1441974
1371983
6291960
24111978
171989
1041975
21111982
1521978
482000
199696
27101960
10232000
181967
1978324
200155
181961
2131980
741991
12111979
25101972
197589
18101979
1961429
10211960
612002
197333
791975
381983
10111964
161967
2751997
1421980
15112004
211960
197916
591973
200395
18111994
1970511
10111978
197658
197532
197618
13111967
1980827
121976
971984
200674
961971
1542004
21111995
199788
131970
10162000
198234
198375
50501963
2461977
251986
2921984
26111975
200361
1984210
921973
481968
199394
351978
198311
27111993
25102003
411979
199197
1071975
25101989
1651965
196868
2192004
19761123
30101976
20101973
2941985
196522
197274
1301985
11111975
13101969
1362000
196219
197455
15112008
18111976
29111979
821992
20101987
12301981
19801976
10131996
196811
1741984
11111966
196756
2531974
831971
481976
1981428
242000
2002319
19781125
201082
11121975
1978117
196125
197619
196063
241979
13101986
197489
199496
197666
27111999
831984
15111974
881992
23101960
197371
2411982
822000
7122005
351984
14112004
611986
25102008
491978
991969
28111965
19801981
10151969
10241972
1981111
251973
22112003
200396
197364
19741030
22101992
200384
14112008
10101975
2811985
1582000
1651977
200398
981985
26101975
23111976
20112007
200763
522011
196669
681986
11251988
341991
10222002
200165
951999
911967
11101964
200321
22111976
911972
200163
29101978
15111980
200121
11221963
20101961
5141994
13111979
10271974
291983
200873
20601977
26101981
851981
1881970
197215
1851979
2842004
198157
23111977
27101984
19811019
198116
196677
2131963
5131972
621999
792000
201054
1960814
472002
2171976
271994
18111971
200154
251999
3191984
451977
19901990
197519
200787
196221
200979
7121985
13112004
2141984
2921972
20121982
19101979
29111981
198989
1972921
731973
771971
12102006
991961
200559
2041987
761980
581975
198666
891999
10281979
201167
111988
752002
11242008
201172
11121968
731979
191979
25101977
11121978
23101985
441994
201121
19831110
16111988
17101979
197864
20111977
19631025
20001111
14102006
196769
19604025
199199
197199
271978
272005
121978
691990
30121982
151979
222000
19761010
1551981
682001
2672001
10112003
1996825
1932004
11191965
18111983
20111967
9141996
198066
197456
12101964
11132009
197347
661984
461960
10171969
25111982
421977
20021123
197811
8102007
19801990
571984
251982
8251980
11121981
28101979
200678
18101973
531990
5121993
852000
871999
121999
198366
28101982
811979
23111978
19701966
151999
196729
27111975
2991976
18111978
20026060
196575
197319
14112009
200188
441981
10171979
1021982
7121961
10111974
198942
19701022
10121983
1341974
11121983
26111960
200974
23101993
16101976
11141998
21111975
196833
196555
151965
10281980
197312
197569
200596
1051975
5221971
232010
3152000
251979
16101965
842000
19111996
1241989
2231962
771965
200848
29111997
28101994
196524
111972
2011221
19751017
5121974
28111964
19101988
27111998
20101963
200491
19911115
891967
6161982
782001
19841030
8101965
30111968
201171
23111992
196525
781982
8101983
681978
4181992
2501976
761978
197931
421969
2082000
197111
29101971
199819
11121985
1191993
200111
22111973
16101969
132004
10121998
241981
591983
20111998
10211983
20081024
200899
291980
7102001
198084
1371976
361979
761985
10102009
201157
198981
196448
10292000
512011
781964
482003
15111997
261969
2131979
2681984
191971
197645
19101973
201057
200692
2551973
10111981
17101974
14111969
200965
1971329
16101985
198148
22111980
121962
571976
198282
200669
17101970
13101984
26101993
197492
1242001
200477
19111979
197428
13101974
27101977
10141970
200916
199657
17101975
1977812
531968
196573
2121964
2009112
30121970
198555
1271988
2821999
19821023
221996
8191975
2631969
2002823
29101979
662002
13101981
16102002
198448
10131966
2009215
211963
10101985
1711978
13101977
4112001
2442008
14111975
371969
197369
19601961
11231978
200584
19801985
201063
21102002
541980
19731024
197878
28101978
2231982
20201968
10112001
1979821
10281995
198064
2361974
15101982
1983811
30122005
6252005
196599
15101973
3101973
322000
17101964
28111971
721973
111979
6121982
961964
200482
5101984
1981926
731982
198484
24101968
11201961
982003
16111976
10241973
861985
21112001
5222003
1082001
197399
241974
251972
200771
26111978
971964
198627
1101961
12101979
1978814
321964
200434
200485
22101978
10231970
11181997
199531
10121985
196344
12111990
30111982
30282010
841975
6222002
311983
20101978
761964
201173
1970229
121979
8181979
491967
1791979
12101965
15702004
1332003
16101977
16111974
17101982
831966
13112003
10161975
23101967
19701021
197791
197881
672001
121970
200494
962000
12111999
199674
171981
19731016
121992
11171986
197372
23111971
2182007
200521
198248
1984103
13501971
10181999
811981
200369
197212
6101961
241984
198512
198325
7251975
561977
3121973
1071980
2541975
13101976
141982
861981
25111972
631973
197272
861988
9131970
2761966
421974
14101975
8131984
196957
196493
21101965
19791110
221984
652000
196911
197875
11171976
241973
197774
198777
10151993
8101981
198387
3181999
7101964
19991113
19731115
411978
10101982
1761979
2161964
2421983
12301972
201077
198335
196624
8271978
30112002
201071
2781980
1977126
200998
20001110
19831127
21101981
2231979
17111985
18102008
1331978
200364
1982924
26101988
29101983
28111979
851995
201078
196722
252002
7181979
1993123
19761016
198991
198223
198225
11271991
201072
181966
521989
282002
197236
6221967
1091982
27112004
751987
2011216
1652006
14111970
17111981
1181964
200961
2851977
10102010
2071996
27111971
111968
200567
198119
4201997
9121983
200455
8181967
1979810
23112002
8122006
200182
11241972
1977520
561982
19851028
991978
251981
451988
891992
30101973
10101983
30121974
1973213
22101974
122001
271962
20001114
198422
2541979
231977
198616
481995
2841980
22101982
20111983
198727
22111961
631976
531997
201066
197516
196832
22111984
1921979
20051111
551985
19691020
5101983
200373
312000
17101981
1999630
1981511
30121977
941997
200766
441991
1471975
200341
200249
16101993
10161985
311999
18112000
26101964
1271961
27111970
30111978
1251978
8221997
196567
821969
341999
198191
10121994
200212
2741999
671971
196374
922002
8241987
2741976
161982
200793
201067
8142004
261965
12111984
261975
2721987
191982
521972
19711014
197346
772010
2631998
671997
321978
662000
191992
11271978
3011985
2562002
23111982
211983
197697
19981113
611996
199182
200181
12101984
18112003
582000
1997528
5271977
199393
961976
1101979
2041980
200012
3122001
2931980
197629
371970
211978
461991
181977
11211985
200281
200759
196264
19871026
431972
2872006
200773
1281980
12101981
10181974
921964
196211
198026
771972
10241970
421996
200328
19731125
19821016
10121982
1031969
196373
20111999
11282002
201079
8121964
2951978
321975
198498
19831025
591962
19791016
451965
8161982
121987
196855
19801015
11231960
197889
198085
1111991
10121978
30101965
21111980
8221993
691973
191989
198277
671962
11101963
8241986
200456
1131960
11201977
11121976
198499
19111972
771967
241962
197933
12111980
23101965
12101985
19701015
2002521
11161973
25101966
891971
19811024
198713
131972
1271971
20001010
10272001
7241979
531980
198813
531983
24101980
6151991
1321998
281998
14101961
471967
196755
19771113
2000211
221982
191985
12202003
911979
291963
781981
201181
1731974
261970
19701027
197975
10111962
198222
641972
2005911
2551980
200897
2101982
200782
212003
27111992
5182004
19751128
181960
252000
431980
10251984
461974
28101970
781966
961965
197479
200242
1671980
197914
2011973
13101983
197079
13101999
481985
24102001
10141972
582007
4102004
3181983
196262
2071986
200489
24101961
200577
1451979
19731029
19981010
2601975
771986
271984
10271983
1561981
1977414
200569
201029
18111981
26101976
19111986
11281991
25111966
199888
200472
19111964
411977
200869
1983926
11121999
200576
111967
197678
197919
199811
1431966
10121972
198687
2751988
261977
1881977
221967
200663
2002519
1491973
199619
5211966
1721982
198136
197778
198469
15101972
9121972
10101977
881991
197829
15111977
196692
196712
19801989
191962
171982
14101976
1112003
691985
200565
852005
431968
9181966
200019
8211970
11211987
27101967
198929
5261969
198263
20012010
10261980
2481983
198564
196885
26102001
412001
197847
10151981
201149
28111978
29111982
552001
881979
16111970
198433
1221966
131973
198688
27111973
811989
22111981
8101973
198519
197377
19711110
200276
941970
111977
8121981
142007
10181967
197491
197711
197463
18101985
10251977
199333
521979
10251972
822004
771966
10101970
162004
11211962
200658
19761115
26101983
491982
198581
15101986
200543
18101981
19694050
1511960
200466
291975
192002
11192000
19751010
561971
11251999
182011
201163
12111976
1241970
27101972
201069
27201996
7112006
721999
1983327
111974
6102003
196239
262001
6211981
20121971
1141979
197923
200598
19111985
10101973
721964
1972629
1961219
131997
1731981
161971
10151980
25101984
10172002
2911965
2891972
196814
9111979
196971
1681980
1671973
198283
5231987
198421
1241960
20061118
451960
1983813
3171980
3121967
13111978
1997830
196955
196162
200978
1041984
19771021
3101979
11101979
831978
19821120
10152000
381982
10191997
1978116
10131961
1071981
10131994
3121982
1974623
200173
10171987
12111978
19651124
1983109
311985
197741
221999
23112000
15111986
971971
2311993
131971
23101970
196612
9151976
821981
196322
731984
231986
5261966
391972
1983425
30101963
122003
231965
1931975
21112003
281970
27101974
192000
3281966
26101971
20081118
200744
11141978
11302003
121993
198181
11241983
2007411
3081978
3131981
20061129
7261979
231975
1561960
332010
200479
20101010
911991
661975
201188
23102004
122005
29111980
122000
11111980
29101976
2131983
20011015
20101971
2341977
111970
1241969
281963
1471978
4101973
5271995
1984912
291972
15101975
19812026
5101972
23101975
200685
196749
198668
1171990
5221980
911980
1971515
6112011
199578
832011
28111983
1978717
2791974
991964
9121992
761965
1261980
200273
261976
30121981
197348
20101974
322007
1981315
8122001
197995
991973
199015
1171998
18101999
661992
262003
199174
532011
196513
196973
341983
200217
3251964
23111981
197781
14101971
711978
25111980
199995
1211985
197343
291986
17112002
891979
197469
10161978
20111972
2131967
198312
200679
541981
171985
4202000
19691116
451979
20122002
19841023
121965
1841966
22111988
12101978
2007525
200683
1974827
196512
2003919
321989
25101985
2011911
371960
20121975
1977321
197344
198518
18101980
111971
2052003
196699
200282
19112003
821964
331992
1972217
197817
10141996
11121998
1331982
198212
19832011
196929
2091976
511982
197724
2221965
11161976
461984
200551
571983
8131976
198314
2671984
5292007
197195
10201977
200781
19761023
10262002
12101974
18111980
24101994
12301974
12101980
6281967
562000
8111972
1991511
131977
7161977
25101976
1171974
19101998
19791126
197174
991979
196011
200563
30121978
7251962
19781129
10161999
200481
3201978
201089
2791980
1091994
121977
200393
2181999
197352
201051
200799
50501965
341977
196285
198369
200475
13111990
321973
197011
451980
200299
196844
19101968
12501976
19701017
196869
932000
11101971
832000
1421961
1972818
2911967
431984
15101976
197628
191994
8211967
291977
19861010
141964
201056
197979
197797
1891981
5152010
196519
11121971
11151963
2171978
2991979
10101981
20121963
22111982
3111985
197716
20041126
10251965
1987121
198919
151978
111994
19111981
841984
23101976
481978
1881972
1985211
6301962
200359
197533
272003
21101980
200195
1961622
10241978
198133
7111979
10161974
10212004
641984
1982530
1432000
197288
1062005
1989223
441995
19761022
661971
2881970
200887
200666
11241975
10201999
231987
231979
23111980
2711987
19401965
241983
2911997
197482
781990
351970
371974
20231999
831979
811967
961978
19691119
10121981
1711981
362004
1979418
197861
19111975
10181980
197444
10111986
200412
2081978
30101977
14111987
8101980
371977
12111986
196873
1731976
19701018
10291979
972002
19651023
771985
28102006
2451984
198012
6101981
2121974
2751978
21101984
291960
200834
19941020
21101983
11301981
9231989
3091976
1975729
471984
5231984
19821114
200517
1991983
20121993
1968427
10101966
1974920
941979
381975
30121984
111969
741980
4131982
19111965
197376
28112008
3231996
241964
6131999
3071965
1121969
19701128
30122004
8111973
198999
2651980
532002
196478
551964
1351976
196095
241997
23101968
200488
14101981
7101972
16111989
9302000
198998
198278
681998
2291970
3251975
11271977
161974
197913
198073
2002926
11231970
3101961
282006
196569
197214
201177
211971
19761121
24101975
20302006
200957
591970
19741018
19641123
19991030
196083
10141967
200252
672000
197411
572002
2751977
961967
5131982
200142
3201992
19801022
1582003
19721113
10101974
1998517
1982517
197745
1974111
981977
1983314
1980421
198626
721985
831975
19822013
200278
18102002
19812011
200628
661967
872007
19771125
661974
1983420
371994
19601963
197832
196583
2871968
2491965
2461996
196047
197953
881974
1011975
197545
1541967
200769
871978
1561969
19401982
200594
200597
19861024
1986926
891995
197398
512003
19811123
1971721
11131978
198037
1361961
1962327
1980112
196358
181985
881968
9101983
22101993
198689
10141989
30111973
197752
200277
921974
17101973
171976
2721982
199911
196419
1967519
1981210
2591974
1101974
431962
200493
19751122
24101962
197799
611971
199126
131999
19861020
332008
10141964
20021023
3221986
611965
2831982
198857
431964
321993
16111998
199688
441976
197534
2572002
200381
1981913
30101999
2121982
200262
1441982
197198
181963
671968
912005
196945
2003315
6291985
17101991
922000
471979
24111991
10171980
191993
751993
200858
911992
2321979
11171984
1963924
541979
198956
19741119
971992
812004
191966
6121976
8161981
19761029
19601016
8101976
30201980
200645
24602000
11121977
1991415
3081965
20121978
20101990
1021990
196033
1131973
971969
19802007
431966
197723
562002
8152004
271973
2451972
11201993
10131960
10282000
771988
11242007
461964
17111969
13601981
321972
1691967
8161968
90181960
200284
411968
2131997
712001
19801012
10142002
30111979
19112001
212007
1984211
1101982
131981
6111973
20111978
14101985
197882
5291999
19671123
112001
200175
18111979
200936
1966327
3041979
762008
5111979
1262000
197116
622010
9242004
2112011
2481961
3132000
196333
6261999
661963
19791115
19791113
931982
4101967
181981
791994
19751125
821996
2291991
19111976
6281980
771979
196941
10132001
10111971
197113
201032
141976
3301985
2052007
23111968
551972
200582
11251974
19111983
2111983
19782090
6291967
198719
521966
196562
1341999
251969
2461981
20121969
15102003
19651116
1521966
198022
200821
2212002
16111975
1983426
8281978
2241967
10121962
6121967
242003
199457
141966
30101971
441975
197086
19761011
991972
197517
762000
196646
197631
24111993
2481985
15101998
200275
181969
198622
351988
362000
2121990
8231979
2321978
200684
200652
6231996
581979
5151999
15111969
6111976
2981983
10161979
24111967
200792
272007
11301966
21111979
196865
10261979
10261982
23101973
21111984
11251962
10301999
198524
3211979
111986
19621125
541983
11101984
19751116
5271989
1975116
1292002
199326
612011
19821022
611985
682000
197075
9271980
201178
196788
199166
5181991
200589
198427
11101988
2481979
242004
200982
1461962
4141992
10201975
200265
15111978
12111971
198558
1811982
2005311
2541986
1691970
196424
10211968
201122
200662
20011122
200496
1391979
196026
3111969
19981112
241967
196989
197282
11111965
19791027
19751018
30121971
2881982
12102002
196572
200377
331974
972000
131975
2252002
19741013
6501986
201033
197264
671986
13101989
197023
491977
197122
231998
199771
2591978
198492
541968
28701982
251976
831965
191999
8172001
17101969
2005822
1969710
25111968
851977
351968
6161984
197098
19601970
22102002
981996
19731111
10221995
1121984
199524
10302004
19811125
19961029
141994
7131964
199919
14101978
10111972
1977123
6112002
199011
27102007
11141974
2291963
200258
11161972
19661011
200748
11231977
198273
3301992
23101982
1987810
9101977
20101981
11131985
197071
198127
15101966
2331973
201198
1151968
10152003
200134
271993
551984
3201973
10251988
181984
22101967
20031115
2111994
198275
10111988
17102000
16101975
12101968
29102002
7301999
11301997
181973
197613
141970
6191965
522001
197317
2072006
1121978
16101979
28112004
1641981
198932
19601114
11221993
200749
1361984
11291977
631964
10172005
11172005
541974
28101974
10242006
5111977
10101969
2322002
231993
200459
197851
2661985
200755
200747
199514
197991
14111977
461971
2561982
40251976
19681010
201031
1972326
20152003
197553
811983
29112001
10101997
19751121
7111987
25101978
2081970
3251972
5292003
692010
2001102
6291980
199596
29101973
1321972
221977
171983
200024
11301969
9132003
10261964
291985
111990
6121966
11221977
172003
832002
197718
131979
200969
7171976
200069
292011
5251978
181968
3162002
27111981
892000
10281990
200266
19101985
1982820
611984
197853
196711
19101969
198579
771996
8112007
19821028
2002513
452000
1982211
200473
5251974
641977
9221996
4111974
19802000
5131960
9802003
611974
197351
6191981
19691127
1242004
198456
721972
1791967
1979914
4191973
200862
20011011
821977
19831117
197437
2381983
231973
1112000
199529
20121970
2661978
2004911
1211988
2112006
196794
19761122
11112000
581986
1981128
411981
361981
197944
941965
19501969
1995918
200697
196678
17101962
19111997
19711114
10221960
3021968
1986228
25112002
15112006
10271987
971981
19671025
10161987
1965212
911973
1681984
27102005
8101996
531977
1831976
196619
692002
1995217
10301994
19801979
19971028
4211963
181975
651989
1983224
27111962
871984
131974
10281997
1781964
200221
11111978
19831125
20021017
5101969
3202003
10271972
10121968
196099
200511
19801040
1141990
7171975
26111974
201183
8222005
200394
200963
200967
15101978
1983128
199866
731980
19791119
19401975
6121991
2792002
11222003
912003
200143
2781984
196087
151960
200588
29101977
1998723
198823
582001
3111990
19681011
7201965
197231
622001
2131970
19101970
472000
24112007
1101980
2761973
16101982
10261991
197934
26101996
200065
26112002
196528
196771
1101972
199958
2122001
782000
711986
781972
591978
19701975
198038
30101967
198218
12111966
5121985
991976
28112006
29101962
12301970
271975
30111976
512002
19821129
27112010
9241994
2591983
10191963
200211
10291980
22111985
321999
661991
197487
10101968
2000929
881964
1131980
2021968
19801977
14101983
1983722
1471999
2002811
10301962
2991988
2811984
6101974
23101969
1984914
5212000
198726
1986722
19831019
151985
22111975
1821976
2007427
25111960
20101969
1980117
2002320
19921022
10121970
871988
4121964
911994
331981
581961
3231998
11212005
1091974
3111982
451997
12301987
661978
198323
200884
10261987
361993
199513
200659
1982123
17112006
11191984
13101982
8211982
11201989
20112001
3051975
2081976
200355
28111987
251961
1982011
19701978
2661983
2331981
2001713
981978
2005726
812000
7211973
14101972
761982
196045
2000129
10131981
2142008
197176
751991
711966
692011
2051989
198734
941963
11261960
2132004
26111964
162002
196719
1985321
200812
198131
199649
1231996
1851962
20071118
332001
17101986
200099
8201985
198032
10121973
9102005
1980922
19621112
1969912
2731986
6281983
7131984
200883
10132008
411969
1969129
2281970
19851013
1976517
197368
1431976
2331968
19891017
197068
9241986
26101985
192008
1987112
8231982
16111985
25111985
19752011
15111971
7271970
1231973
19791015
381997
1996330
621982
11191967
2011922
171984
191977
15111963
30121999
2252004
10181972
7151967
9181994
201023
311981
11111985
151994
771987
23102008
197961
198072
2191995
422008
1983729
196968
200076
161966
199818
411974
30101986
2461980
1981108
1941962
2571983
12201982
2481969
19813011
421972
1988222
2471974
10301982
199247
21111973
196227
197384
197765
198117
2221970
1985418
19811128
5241985
281980
2221982
681984
1980925
19881127
521971
481989
2631974
200425
5211983
198152
1984926
198099
198332
781984
10131984
1983129
20122006
198854
221971
16101967
1986319
19941015
2271969
200172
2021975
10251982
1941978
1982818
982002
200835
19711026
3231989
571981
1951985
11111971
11291969
23101978
2162000
11121988
1881963
6171982
2001911
10182003
19881112
2271983
5152007
22111965
2291983
200465
15102010
631970
961972
161981
3131964
6201985
198522
1972000
196156
15101964
2331984
381972
8151999
14302003
4121983
2081980
552005
80111977
971977
741986
196966
6212005
321962
200367
29102006
196847
22301961
20111993
591992
197743
17111984
1984115
1982224
19111966
371978
28102004
1701972
621960
1641982
621973
9241979
15102002
781973
201095
11251960
571963
4262002
2441984
1981125
2651982
7101978
9142002
2491981
10141993
19791019
571967
199636
23111985
11231968
198718
971996
27111972
281981
18111964
162011
14101998
241968
1681979
200271
9101979
19841128
16112006
1481974
19111968
19111963
1071985
2005330
10191985
481984
181962
882003
10161984
197876
1641985
221983
2392001
12111993
10111985
1990321
3121961
10151962
1721988
200561
881998
2111985
15101984
198862
1041985
10231977
196584
17101999
3131960
199323
20021127
841983
22112007
13101966
191997
1881983
200647
391969
19731019
1981914
581966
25102002
372002
11172004
1984330
871982
691988
141962
23112009
361969
29101984
23101966
3281975
271979
441985
196899
200687
661964
1251982
771982
196399
1271967
7202002
771980
141969
8121978
17101988
4261991
201081
781992
4221965
196328
19801030
212001
5101966
2491983
26112006
5161971
17101977
196085
17111976
200847
14111980
472006
1977311
11251965
196747
741966
198249
1979112
200532
198213
861966
26101970
221963
25101987
911964
651972
1551979
24111977
5291981
199611
19771019
196836
7101982
6221978
12111968
199395
121988
2122003
1541973
19801118
221962
197361
2951990
2371984
991980
141985
362010
3021989
197922
2681985
8101967
2051981
13101975
3121992
197481
21111976
1381982
952005
21102007
1471990
881996
27101976
121989
3171982
291965
1122006
15101988
16111981
8252007
19951015
28101980
2111968
19801116
1978314
941986
201197
881986
632001
14111960
19771016
1983725
2321972
351999
1331974
1071962
198098
3122007
197129
197862
26102007
18111967
691969
196996
19801982
16102003
6191980
19781120
1986521
200462
951978
19821026
1979719
471973
197012
2541993
1321981
571966
11111994
9251972
17101985
1982328
5191960
5231980
8282003
19801020
641988
19821121
24101983
197018
19501968
361983
12102011
1983616
10151978
531974
200038
197788
2161981
3271989
200829
1988210
1983815
1731980
891985
19831024
1321962
411998
2141989
711980
1211966
29801980
8252001
2261977
10161971
200027
1231965
2951981
3091978
731976
1531972
531978
199312
199342
19791026
9292000
28101964
1581984
3081976
21111983
361998
10301977
196275
196465
198154
20011124
24111974
861977
197636
25101962
8121979
262002
2371981
28101993
10201986
200268
19821018
14111979
20111980
16101961
20102003
19771118
2231968
2791975
452002
17101972
27111991
16102000
581967
10272000
197434
11181973
561961
19671011
197283
20102012
10111990
921968
1871984
26111973
200029
681996
931986
9282002
19711030
2451989
23112005
561974
1251973
231999
181989
19831114
198292
2851986
561979
411973
4121986
19811029
4111986
11112002
19901991
2201980
196384
421983
551993
1771979
142002
200077
7212001
2241989
2000510
199977
741961
10201981
20121980
1241985
1451984
19711019
200625
10281986
1211977
198326
196456
197884
691968
19891011
522010
200888
200136
200184
200587
2771962
1261981
3271977
771984
111998
199877
231984
7131966
1111961
198464
731999
11271963
431975
12112003
1731983
2271967
1091999
196864
571991
3012001
4261988
200819
351994
191978
10101961
581969
18112004
4251960
1984218
2661992
11111987
1031982
1821985
212010
1982125
18101966
431978
198842
631998
27111960
198466
771975
721993
200185
7401970
11141979
1221970
6221977
10101964
18101965
22101960
751967
11301973
321969
19991010
1101983
197831
19651128
199669
197271
1973412
26102000
201159
198993
691983
311976
30101985
10261984
29111996
4122007
1984212
642000
19641122
1411988
1582007
3151987
19861128
16112008
1821962
9111983
196474
2912007
831997
981981
24101978
12201970
112007
19601969
30122000
881980
19801997
200893
15111968
198744
361973
272009
941990
762007
197435
25101997
2841996
20035023
200784
291992
200727
1841977
11171989
9212002
2231988
28111977
8191995
1921980
200527
22101973
2351984
152011
197322
482002
22111966
821982
1831978
341982
10101972
3101976
2571987
142003
30121973
1985219
2131984
9182003
19902000
20121968
5152001
200057
11131979
19731128
2181988
200336
662001
1881964
3222003
6282005
13102003
198488
331962
491966
197852
411975
1121987
1741988
2181973
652004
21101972
201191
2601983
10221972
381963
198494
1976714
20111960
1999119
951974
741993
19804022
571998
531984
2981980
19801984
7191964
10301990
18402005
19921013
652009
3291974
21111987
10182006
11151979
781995
19901993
14111965
199898
11262005
28111988
22111983
201132
11151981
198279
27101981
1321985
1981725
197185
20111969
198029
931987
198039
1682000
2191985
20101977
16101994
921960
11301971
6101983
18111982
198142
30121986
6261976
2361978
11102010
10111992
28112002
2008111
19601112
161973
11301976
10151998
3031985
891980
12301978
19801025
861974
16101990
25101981
531965
13112007
198551
1331976
631982
1251970
199343
19801115
19861130
16111986
198243
2371982
19641011
3261965
1111979
17102005
197521
198219
641978
2561986
6152002
15111983
197912
1261985
2000810
6221995
1391985
9121980
1983816
11202003
200348
261984
171968
1341971
200752
991989
11281971
511993
3081963
12111985
172005
11271984
198129
19891125
196196
12101975
4221987
197766
2231973
2671982
15102008
7142001
11141973
1721968
23101974
200178
9261983
3151978
731983
1641966
431982
641965
19111989
12102001
1571987
19871127
1031977
11261968
1061983
2171988
200286
10131985
10112000
10251974
661966
16111965
8101987
198918
198347
11151991
196563
13111985
2461974
1781975
11221965
721966
196345
199555
200955
2331987
7131971
561989
4192003
561987
2551978
198634
1251969
1731985
19711129
951964
312007
198042
5211964
451978
1521974
2221968
421960
141975
871961
441980
311970
241990
111961
197465
611988
200162
111960
331993
9171968
19871030
1984117
24111983
16102004
281977
199294
2131981
30131974
198364
18102007
21101973
197076
1611975
2971965
951968
5202000
2008127
199185
521976
199791
161986
6151969
1979425
2004429
841977
2451964
198449
1831990
9121968
1984227
198159
772006
1231990
19821127
200443
481979
1111970
861983
19111982
561980
199226
872000
19781118
1141983
2981989
11251990
141988
991985
4112000
1011988
952003
9112005
197125
561972
1171989
1671971
30112001
11261998
171963
11111972
10181978
2181980
1985913
431961
561969
1611980
25111961
462004
351971
10161970
941993
200075
1989215
19851110
198471
2261987
197639
382002
121990
9261974
1521979
19101987
2051987
2222000
281988
200724
29101969
19101984
791979
1841984
2941983
11252006
951984
19741130
1962007
10211984
10111970
861995
6132007
19851023
19791125
199923
5261984
581978
1986116
1252003
197072
2771961
1011984
201034
23102002
27111980
1981319
381991
199031
2000110
10111968
196951
18101978
11271999
19781016
197478
211987
200365
1031984
197866
11261988
991990
611979
2241983
1411982
28102005
19801024
196117
1491987
7271986
200487
2481976
9291963
25101991
241963
222002
19821020
111992
611972
181986
2161967
2161975
3111984
1991998
19811010
29112003
11201965
11221961
261980
861987
19851020
12201976
4101976
197391
1111975
1821977
12202006
571975
1892004
371972
19801112
2271981
7161962
1411981
24101989
2022006
2121980
2981987
19931122
881988
661981
10121969
7141977
822003
19831121
2002718
7201968
197879
198123
199195
197217
11291971
1171977
1421983
198112
70901997
6161992
10252008
1381984
29101970
1281978
571980
1121966
181971
198964
361987
1986321
10201991
197843
161963
17111972
2781990
8212003
12101994
1972226
251978
19856022
200579
17102011
9111987
11211964
26111982
571982
10151983
201086
26112009
19101980
1011970
197887
2611969
6271977
198423
10181968
451962
197644
2681999
241975
391962
2271982
4191984
197254
19781115
6242005
12112006
197486
242009
1981720
1986522
28101989
2112002
221990
1281984
1171983
199154
199313
891962
251968
200966
981986
19851121
196622
197184
111989
221973
641981
1989911
1492006
22101985
25101965
11211994
10221981
19871129
10171975
4232005
197614
198352
200123
200454
200661
11241982
196922
491998
2852006
199075
200846
11121980
2091979
19871024
200144
26111996
21101966
1571985
20112009
441962
50501987
197642
241987
197998
451987
198882
1988513
197952
200929
1978921
19102008
27102003
3151962
1231979
198377
198776
20122008
10131975
1331984
10101967
199738
21102001
19701982
1481976
8111981
232006
10131965
19801121
197182
7201983
19771010
11281980
521978
196274
11301974
111978
1984616
691961
19801126
199694
261979
152001
201189
197877
1984224
4201977
1051995
211989
171978
200811
2181979
196675
10101984
199081
4192005
8161969
200885
1981977
8221990
121961
6291990
12301983
3171981
196161
198412
1101977
8111982
198716
198585
197025
10221976
1351983
1151977
711977
2661966
19876025
291988
112003
198331
1181999
1521960
961980
1977711
19751115
371985
200228
10241987
2551976
1511977
196834
201084
197717
2381980
281982
1980123
261967
321979
992005
16112000
951982
981974
28101981
2391963
991975
4251967
612001
19811126
2691979
200688
19802040
198357
200864
271971
197289
171966
1983912
9101982
8171989
1331961
171973
10212003
841986
292006
481977
4111973
10172000
196466
2641980
28101961
851976
221986
961962
1321986
197668
27101982
591999
961975
10272008
4272007
11122004
26902010
196564
200118
200528
19831111
6152001
11171975
821980
19861117
201024
8192004
1711964
2351981
1661982
1821988
28111999
200831
772007
1711960
200288
23111987
1302008
199663
200892
641983
382000
1601984
2422001
197051
3031980
7201985
381985
1978613
13101993
1861978
196312
5191984
198612
29101964
19851029
1982628
1966427
281961
22112006
251962
6231964
911985
29102004
942002
11131980
10241998
19861120
15111960
5161964
10121966
481999
131966
25112003
2004816
197936
3301965
542003
19701988
1681982
19841110
11291981
19701973
198027
197722
1871982
3041984
1081967
12111982
471976
198121
1979125
711983
19781140
2141998
3061989
20041111
6121983
22111996
200033
2961971
1391986
17111987
981968
1978618
196926
11201987
741973
421986
13112008
197632
23111973
2122008
197266
7242000
9211963
200062
731986
22101990
281986
24101997
14101964
931974
5121977
2191978
342002
2991968
1251974
19811028
1980410
1996517
20121962
198899
831981
14101990
8111979
19701971
171972
201179
2181970
141980
491983
28101971
20111970
1061985
13111984
9271982
691989
198221
1051982
1974430
3091965
23111964
11131971
26111977
221998
171969
30101982
2981974
198621
19831119
3151997
161977
212006
200283
751972
212008
1021967
17111983
1987126
201184
781960
9232005
2011964
19871025
19771115
196166
27111984
2372000
200987
29111972
198511
791978
19602008
2111974
131984
142004
5111976
891964
291971
531989
211969
19701980
2571976
761969
20081115
1842007
691980
411986
19801119
23112003
27101980
200225
10102001
18101963
592008
691976
231983
912001
361980
741969
20111976
28101983
196453
23101964
19851014
3101962
198426
11111995
661962
19801026
14101986
24111984
196819
25101961
198256
531987
181988
25102006
1271982
10261985
196222
19861021
10101987
20101989
6181970
1181960
11111986
200564
20102002
19781028
200199
9291990
1921961
19831126
11221976
711971
26112005
200486
199084
19111984
2091984
11241979
196311
231976
1981227
361971
351987
441977
198599
25101980
27102000
200716
1591980
221979
19811020
2000417
18111987
12101987
200783
3122003
2081984
2631991
471961
198324
732000
221969
12201986
5251980
11131968
199424
131991
10121996
201166
271968
1977924
372007
197499
198424
5251994
621977
19101966
14111988
4252000
11251966
19872020
19791017
200855
931977
981979
200047
761976
1061984
18111962
199222
112008
9181999
7102000
1231977
321996
991983
1981925
851980
711995
200251
2432011
197784
10282005
271987
1241979
1631990
19701974
201175
3111974
196687
9171983
1232008
10131972
2631992
30101970
200451
19851128
197821
19761017
19671029
1651987
5201993
1181984
3111975
19711023
199689
812001
1121973
12101963
2002618
196365
831985
431993
11101975
19731015
391986
1987525
771983
1272006
351975
196265
1984722
351985
197981
1181982
1461985
16101984
10301973
881976
1112006
196147
20021118
200131
198185
7292008
198521
1012006
191986
19501981
1471970
19101977
18111996
26101989
11161968
13111965
12111983
891993
651998
162000
19501970
2671960
631961
198211
197136
971979
551988
200137
1973523
952004
342009
198477
111997
10111967
3181975
681979
196638
1012007
1941983
1571980
581973
19841029
200379
27111982
641980
16101983
1021975
199884
19631014
19751111
14111978
2000317
201064
14101973
131967
211973
1988911
199991
291961
571972
25112007
741984
2642005
691965
198429
2181976
321970
542004
10111973
27111974
1111980
27101966
232007
200174
161996
3122009
2212007
1382004
381980
197835
1141981
19981015
371990
5171997
201099
19101981
29111973
271966
198071
20121960
197815
521981
231988
4271999
28301976
27101978
19891115
198561
1721974
1986316
19781122
19811030
20101965
201011
3222001
161984
112010
2251982
200574
23101984
12201975
9101976
200871
321987
422001
1121985
2631980
441987
3081979
17101983
200461
1121979
221992
8152001
22111963
198573
200583
881982
19101964
25111963
10211969
2121972
198258
198177
431979
951981
661994
18101972
1111971
1752004
200857
1983211
10121990
197677
1991974
23111974
198947
198619
13601980
200499
23101972
3041961
1988821
198762
2481987
7191986
491999
481972
1975927
612000
10272004
691977
11241969
19781113
821985
10171971
291984
11231998
1781985
200372
200397
19771112
2441979
991960
161987
10191986
8101970
198894
2751981
10121986
11151997
19621113
23111979
10231964
991999
199129
196933
1982225
200471
911970
15101983
11251992
591986
16111969
461969
112006
391978
12112004
13111974
19991117
311971
3201983
196536
2731980
2441973
201022
321963
1973122
10191971
19841112
2871969
1331965
8182001
8111968
19941110
198467
25101969
8222007
19791118
13102000
691971
331969
1977108
341984
14111986
19601962
19731119
181970
200824
11221998
771974
14111994
2421980
22112002
19851126
1631976
10102006
6172005
197927
198346
19841024
721980
28101975
251965
196891
2031981
11121967
1691982
196977
10101960
198944
971974
3061960
2001314
10141965
961986
171999
1011979
6242000
211980
1982927
1721984
19601968
199913
2452008
511967
200197
441968
16101978
1979711
1661970
28201982
11301965
29101995
11251997
200386
20061113
261972
198233
18101975
11281981
21111986
4101966
200445
201168
25201982
881975
199539
20001027
541988
1151986
751997
19701019
10102008
551987
11191982
562011
1951981
7122004
1971128
171965
11201964
28111974
3071983
10112005
6112001
20051010
821976
1251971
1971822
11161981
27111967
197269
721988
13101979
1011983
10221983
199764
19811119
441978
196214
28102000
6131993
161964
8181990
16111983
1101987
14102008
1651974
1331985
391982
11302002
2971977
3101983
10292002
198614
10242009
19731116
2551998
198235
251970
198463
22101983
921977
1101963
27101979
872008
462006
132006
221987
112009
197494
197029
1011985
199146
512004
161983
1631973
361982
199021
5121960
197898
11101966
1970114
651986
10121971
12201983
19621025
1051985
1391983
5252002
11161988
3111981
951998
30101979
19711124
196123
11101985
771977
12101998
19761118
1371984
411982
200492
16101971
1111984
1031990
6101973
200859
7201996
198124
122007
10101963
271990
197518
13101968
691986
11181960
10141984
12101995
2861985
3121969
199633
198729
196812
25111981
611970
3151965
23111986
1962110
198916
10161962
541994
831964
12111964
541972
541970
10211977
11171997
451961
19731110
1441981
25101982
18101986
23101963
12111972
197635
451981
4291994
2061990
431986
26112004
199494
1963811
5151967
5121981
1751983
197734
196315
27101970
2221979
421982
821983
1351961
198584
19802020
1771976
22102005
10151999
541984
891998
232005
201185
19101996
682009
10301964
1985621
20021026
14111997
11261974
3111986
1121972
4111975
721971
1631978
10191990
291995
25801984
24701993
5181993
17111973
2111961
1102007
15101981
151971
10231967
461996
25111977
26111969
10121987
831960
1031979
200765
197596
197321
8131994
1986314
231989
18101976
197441
531970
20102001
4261977
2241961
1191969
611978
1721979
10191961
25111975
352000
196263
10122000
196291
21111961
1441975
